-30
661 664 651 595 72 113

-25
662 661 658 594 75 96

-20
662 643 660 600 72 95

-15
663 629 661 600 72 113

-10
639 579 652 600 81 123

-5
607 550 636 601 71 109

0
581 530 622 603 80 100

5
561 513 603 602 63 97

10
535 489 583 601 72 104

15
511 465 564 601 37 135

20
495 450 550 597 63 126

25
473 434 535 603 67 113

30
451 418 520 603 66 118

35
442 403 508 603 72 100

40
425 391 493 600 76 105

45
410 380 477 601 80 109

50
395 368 462 601 76 105

55
383 356 450 603 75 109

60
366 343 435 601 67 96

65
358 336 421 603 59 109

70
346 327 410 601 67 101

75
337 315 402 601 80 110

80
327 307 390 603 71 100

85
318 300 378 601 76 104

90
308 290 373 595 58 96

95
301 287 366 600 80 103

100
294 281 353 595 88 105

105
289 276 344 600 93 96

110
283 268 340 595 71 104

115
279 265 333 617 68 118

120
275 260 325 594 86 100

125
267 253 316 597 79 104

130
262 248 313 598 67 108

135
255 240 304 594 71 99

140
251 235 301 600 67 113

145
242 231 291 597 79 104

150
239 227 293 600 79 108

155
235 224 285 599 67 97

160
227 220 280 600 80 113

165
221 210 280 599 80 108

170
212 206 266 585 65 105

175
213 206 269 596 68 96

180
217 202 265 593 83 100

185
205 197 255 596 75 104

190
204 197 256 598 75 104

195
200 193 251 599 72 104

200
196 193 247 598 75 95

205
197 193 247 618 85 104

210
188 185 239 594 71 103

215
189 181 239 592 73 104

220
184 177 234 598 68 108

225
180 177 230 597 58 100

230
180 176 226 593 67 100

235
177 173 226 597 80 100

240
177 172 222 597 83 100

245
198 169 218 598 63 100

250
168 168 218 598 76 104

255
168 165 214 597 75 103

260
172 157 210 585 78 106

265
163 161 206 600 76 104

270
160 156 210 593 67 116

275
154 155 205 596 62 103

280
154 152 205 597 79 104

285
150 156 201 598 75 104

290
150 148 197 598 71 104

295
154 149 202 597 80 108

300
147 148 197 597 84 100
300
147 148 197 597 84 100

310
145 144 193 597 88 108

320
138 143 193 597 83 108

330
141 136 185 596 68 104

340
141 136 184 595 75 103

350
134 136 180 591 83 99
_____________________________________

-50
569 526 614 598 563 663

-45
568 526 613 599 541 662

-40
569 525 613 598 517 659

-35
570 525 613 597 498 640

-30
569 537 612 612 472 601

-25
573 526 613 599 456 580

-20
569 526 616 600 437 549

-15
568 526 613 599 421 524

-10
567 524 611 599 405 497

-5
568 525 614 599 391 478

0
568 521 612 599 373 465

0
568 525 613 599 373 453

0
568 525 612 599 383 452

5
569 525 614 599 362 436

10
569 526 617 595 347 417

15
569 525 614 595 339 405

20
567 526 613 598 331 398

25
568 536 613 598 318 382

30
569 527 613 595 322 370

35
569 525 613 598 302 359

40
569 526 613 598 294 349

45
568 525 616 599 286 338

50
567 525 612 598 278 330

55
569 525 613 598 274 319

60
568 525 614 598 266 315

65
569 526 613 598 262 310

70
568 525 612 598 257 301

75
568 521 625 612 254 295

80
568 525 612 595 245 290

85
569 526 627 595 242 282

90
567 526 616 594 238 274

95
583 526 612 599 233 270

100
568 524 615 598 230 272

105
567 525 612 595 222 262

110
572 526 616 598 218 254

115
566 524 614 597 216 248

120
568 526 616 599 214 244

125
566 523 616 598 213 240

130
570 524 616 595 201 236

135
570 524 614 598 201 231

140
572 524 615 598 197 229

145
571 525 617 599 194 224

150
572 525 616 599 187 220

155
571 525 616 599 185 217

160
572 524 615 594 184 216

165
570 524 615 594 180 207

170
571 525 616 599 175 207

175
572 526 616 599 176 204

180
573 525 616 595 168 204

185
572 525 613 598 167 200

190
572 525 615 594 167 195

195
571 524 615 615 163 196

200
571 524 615 594 163 192

205
568 524 615 598 163 192

210
568 524 615 598 160 188

215
571 525 615 597 156 189

220
573 525 615 594 159 188

225
568 525 612 599 155 183

230
571 525 611 597 154 178

235
572 524 615 594 151 179

240
569 525 616 595 146 178

245
583 525 613 611 151 180

250
568 527 613 598 143 170

255
568 522 614 596 143 171

260
567 524 612 597 142 166

265
568 525 615 600 140 167

270
571 524 615 597 134 162

275
570 523 614 599 134 157

280
570 525 615 598 134 162

285
574 524 612 595 134 154

290
570 525 615 599 150 158

295
572 524 612 598 134 158

300
567 524 611 595 133 154

310
558 513 608 594 135 154

320
557 513 608 604 125 150

330
557 513 605 597 126 146

340
556 513 614 595 120 141

350
556 513 609 598 113 141

_______________________________ Long
-50
113 494 125 464 418 485

-40
112 495 128 527 422 489

-30
175 495 140 572 421 490

-20
108 495 128 607 423 500

-10
96 495 124 599 421 489

0
123 506 133 596 421 490

25
113 495 124 577 421 485

50
104 495 137 550 420 488

50
96 495 145 550 422 492

75
99 495 140 524 421 486

100
145 495 225 494 416 488

125
117 495 120 459 421 489

150
82 495 140 428 420 485

175
100 495 132 403 420 486

200
92 495 136 374 420 485

225
100 495 134 349 421 485

250
100 495 112 333 422 491

275
96 494 136 314 420 489

300
100 505 141 294 425 496

325
96 495 136 281 420 489

350
96 494 141 269 420 485

375
92 494 116 256 420 488

400
92 495 124 244 421 486