-10
639 579 652 600 81 123

-5
607 550 636 601 71 109

0
581 530 622 603 80 100

5
561 513 603 602 63 97

10
535 489 583 601 72 104

15
511 465 564 601 37 135

20
495 450 550 597 63 126

25
473 434 535 603 67 113

30
451 418 520 603 66 118

35
442 403 508 603 72 100

40
425 391 493 600 76 105

45
410 380 477 601 80 109

50
395 368 462 601 76 105

55
383 356 450 603 75 109

60
366 343 435 601 67 96

65
358 336 421 603 59 109

70
346 327 410 601 67 101

75
337 315 402 601 80 110

80
327 307 390 603 71 100

85
318 300 378 601 76 104

90
308 290 373 595 58 96

95
301 287 366 600 80 103

100
294 281 353 595 88 105

105
289 276 344 600 93 96

110
283 268 340 595 71 104

115
279 265 333 617 68 118

120
275 260 325 594 86 100

125
267 253 316 597 79 104

130
262 248 313 598 67 108

135
255 240 304 594 71 99

140
251 235 301 600 67 113

145
242 231 291 597 79 104

150
239 227 293 600 79 108

155
235 224 285 599 67 97

160
227 220 280 600 80 113

165
221 210 280 599 80 108

170
212 206 266 585 65 105

175
213 206 269 596 68 96

180
217 202 265 593 83 100

185
205 197 255 596 75 104

190
204 197 256 598 75 104

195
200 193 251 599 72 104

200
196 193 247 598 75 95

205
197 193 247 618 85 104

210
188 185 239 594 71 103

215
189 181 239 592 73 104

220
184 177 234 598 68 108

225
180 177 230 597 58 100

230
180 176 226 593 67 100

235
177 173 226 597 80 100

240
177 172 222 597 83 100

245
198 169 218 598 63 100

250
168 168 218 598 76 104

255
168 165 214 597 75 103

260
172 157 210 585 78 106

265
163 161 206 600 76 104

270
160 156 210 593 67 116

275
154 155 205 596 62 103

280
154 152 205 597 79 104

285
150 156 201 598 75 104

290
150 148 197 598 71 104

295
154 149 202 597 80 108

300
147 148 197 597 84 100
