-20
108 495 128 607 423 500

0
123 506 133 596 421 490

25
113 495 124 577 421 485

50
104 495 137 550 420 488

75
99 495 140 524 421 486

100
145 495 225 494 416 488

125
117 495 120 459 421 489

150
82 495 140 428 420 485

175
100 495 132 403 420 486

200
92 495 136 374 420 485

225
100 495 134 349 421 485

250
100 495 112 333 422 491

275
96 494 136 314 420 489

300
100 505 141 294 425 496

325
96 495 136 281 420 489

350
96 494 141 269 420 485

375
92 494 116 256 420 488

400
92 495 124 244 421 486
