-40
569 525 613 598 517 659

-35
570 525 613 597 498 640

-30
569 537 612 612 472 601

-25
573 526 613 599 456 580

-20
569 526 616 600 437 549

-15
568 526 613 599 421 524

-10
567 524 611 599 405 497

-5
568 525 614 599 391 478

0
568 521 612 599 375 465


5
569 525 614 599 362 436

10
569 526 617 595 347 417

15
569 525 614 595 339 405

20
567 526 613 598 331 398

25
568 536 613 598 318 382

30
569 527 613 595 322 370

35
569 525 613 598 302 359

40
569 526 613 598 294 349

45
568 525 616 599 286 338

50
567 525 612 598 278 330

55
569 525 613 598 274 319

60
568 525 614 598 266 315

65
569 526 613 598 262 310

70
568 525 612 598 257 301

75
568 521 625 612 254 295

80
568 525 612 595 245 290

85
569 526 627 595 242 282

90
567 526 616 594 238 274

95
583 526 612 599 233 270

100
568 524 615 598 230 272

105
567 525 612 595 222 262

110
572 526 616 598 218 254

115
566 524 614 597 216 248

120
568 526 616 599 214 244

125
566 523 616 598 213 240

130
570 524 616 595 201 236

135
570 524 614 598 201 231

140
572 524 615 598 197 229

145
571 525 617 599 194 224

150
572 525 616 599 187 220

155
571 525 616 599 185 217

160
572 524 615 594 184 216

165
570 524 615 594 180 207

170
571 525 616 599 175 207

175
572 526 616 599 176 204

180
573 525 616 595 168 204

185
572 525 613 598 167 200

190
572 525 615 594 167 195

195
571 524 615 615 163 196

200
571 524 615 594 163 192

205
568 524 615 598 163 192

210
568 524 615 598 160 188

215
571 525 615 597 156 189

220
573 525 615 594 159 188

225
568 525 612 599 155 183

230
571 525 611 597 154 178

235
572 524 615 594 151 179

240
569 525 616 595 146 178

245
583 525 613 611 151 180

250
568 527 613 598 143 170

255
568 522 614 596 143 171

260
567 524 612 597 142 166

265
568 525 615 600 140 167

270
571 524 615 597 134 162
